,ID_LK_SK,age_0_34_%,age_35_59_%,age_60+_%,Einw_pro_qm
0,1001.0,43.106453342867354,31.14162495530926,25.75192170182338,1577.4409587592527
1,1002.0,43.770501074539084,32.19012070386349,24.039378221597428,2086.3716814159293
2,1003.0,36.83643495796462,33.824436689103955,29.339128352931425,1013.9489286214462
3,1004.0,37.30043906550757,33.8709474505265,28.82861348396593,1109.6886779282424
4,1051.0,33.82478792883417,34.29922678477592,31.875985286389913,93.27516910106851
5,1053.0,34.521757644577825,36.61286397923595,28.86537837618623,156.18191031162908
6,1054.0,34.34054148767122,34.56168017062723,31.09777834170156,79.45569152332442
7,1055.0,29.944511194978585,35.100532951775094,34.95495585324632,144.03449687273354
8,1056.0,34.95837985184054,36.67821279871244,28.36340734944703,473.3022205494919
9,1057.0,31.31281724408653,35.58341819086337,33.1037645650501,118.76569423929098
10,1058.0,33.56355971038402,36.130877096508115,30.305563193107872,124.59746488523467
11,1059.0,34.216722909636296,35.17110361204849,30.612173478315214,96.57771361527281
12,1060.0,35.04050255042894,36.87941977741711,28.08007767215395,205.3167908838012
13,1061.0,34.173601224238084,36.2901322451217,29.536266530640216,124.41461751221915
14,1062.0,33.40721064491192,37.144525403378346,29.44826395170973,317.3680982395699
15,2000.0,41.031806250234226,35.560366482563616,23.40782726720216,2438.357017044326
16,3101.0,39.77453965492243,33.38287178000097,26.842588565076603,1288.4898806434874
17,3102.0,37.89781606128749,32.80958188817319,29.292602050539312,467.49521136798967
18,3103.0,37.50916222986525,34.05691456371677,28.433923206417994,606.7689751234054
19,3151.0,36.36880400181901,36.67291950886767,26.958276489313327,112.22393753428852
20,3152.0,0.0,0.0,0.0,0.0
21,3153.0,31.9967302611412,33.48635905819843,34.516910680660374,141.7308010592519
22,3154.0,33.34465046491506,35.88552903939457,30.769820495690364,135.03956222731642
23,3155.0,32.2374119685158,34.900011298158404,32.862576733325795,104.64071502321146
24,3156.0,0.0,0.0,0.0,0.0
25,3157.0,35.35550330310156,36.541634008882916,28.102862688015527,249.7017707362535
26,3158.0,33.391963987996,35.92364121373791,30.68439479826609,165.62197984260666
27,3159.0,37.77958631284405,32.95811310862793,29.262300578528016,186.87818632337445
28,3201.0,0.0,0.0,0.0,0.0
29,3241.0,38.0487965004181,34.740036488531686,27.211167011050218,503.94142281271496
30,3251.0,34.755585883828374,36.07840063443468,29.166013481736954,108.93374652810913
31,3252.0,33.04141788784254,34.34258442773579,32.61599768442168,186.27153497003286
32,3253.0,0.0,0.0,0.0,0.0
33,3254.0,35.25853778462295,34.61101831565399,30.13044389972306,228.90601077520216
34,3255.0,32.74955970412117,33.64142303628038,33.60901725959845,102.23409771836829
35,3256.0,35.3080256372234,35.36239764058458,29.329576722192012,86.65476870359795
36,3257.0,33.15481585235231,35.34075712538265,31.504427022265034,233.51438550793276
37,3351.0,35.51269727723879,34.258058747261586,30.22924397549962,115.38154008846934
38,3352.0,32.97513281167229,34.64303552239258,32.38183166593513,96.26803693108691
39,3353.0,34.216460423457924,37.117447858973954,28.666091717568126,202.45240555195144
40,3354.0,30.49933917065918,33.869568808855114,35.63109202048571,39.45828783755154
41,3355.0,37.58698165477827,36.177278973889145,26.23573937133259,138.11564620726534
42,3356.0,33.090197943920295,36.64296977545213,30.266832280627572,173.92709945301607
43,3357.0,36.363525129240465,35.75418310850081,27.882291762258728,78.78184675001687
44,3358.0,35.886372580587455,34.93900039354585,29.174627025866695,74.28205441663432
45,3359.0,36.78890409744857,35.43391990231509,27.777176000236338,160.25343622275875
46,3360.0,32.45581817396189,35.000864192196346,32.54331763384177,63.293199050998574
47,3361.0,35.71846306801567,35.20235101467922,29.079185917305107,173.28823521959995
48,3401.0,37.92570257837566,33.78045794838094,28.29383947324339,1242.7061649319455
49,3402.0,39.25689809742006,33.381810937344355,27.36129096523558,446.8132455047178
50,3403.0,41.71155103739373,33.39753879079721,24.890910171809047,1631.6810553884955
51,3404.0,43.88763444776264,31.9330128438585,24.179352708378858,1375.1919866444073
52,3405.0,36.6527701303128,30.87915257348121,32.46807729620598,712.4124404595125
53,3451.0,34.98641906650224,35.331382837246416,29.682198096251337,169.8276688065483
54,3452.0,35.186043571699464,34.94374446925962,29.870211959040915,147.47079294059162
55,3453.0,42.612844556770675,34.92453409547205,22.46262134775728,119.22389152504188
56,3454.0,39.02081023899379,35.46185096589357,25.51733879511265,112.93143806330127
57,3455.0,32.72699573430835,34.39569368271379,32.877310582977856,161.53429691729693
58,3456.0,37.50320486993722,35.41253085831911,27.08426427174367,139.04297252976707
59,3457.0,36.94209376417033,35.07057929791707,27.98732693791259,156.40220314629923
60,3458.0,35.06193139906565,36.9575239734448,27.98054462748955,122.21930055219565
61,3459.0,36.90739709466815,35.63075252628427,27.461850379047583,168.41423124596454
62,3460.0,42.769671888021016,35.141033065438776,22.089295046540204,173.91058707934167
63,3461.0,34.27626827947282,35.157519407835345,30.56621231269182,107.4516840854531
64,3462.0,33.94571217608382,34.29380120248936,31.760486621426814,86.59683950918004
65,4011.0,39.33682502213042,33.763295816998976,26.899879160870604,1745.5147464590104
66,4012.0,38.756886143231775,32.816762588661845,28.426351268106377,1213.260730301089
67,5111.0,39.43006068200241,35.70824196585144,24.86169735214615,2848.507428361161
68,5112.0,38.93700234661746,34.30915180809884,26.753845845283703,2141.7096219931273
69,5113.0,38.26300057107676,33.7182242085099,28.018775220413332,2772.2211657316725
70,5114.0,36.66857545590697,34.76962382168972,28.561800722403312,1647.818828482253
71,5116.0,37.85598996381773,34.52844477422415,27.615565261958125,1533.7244089869184
72,5117.0,34.956694756554306,34.43937265917603,30.60393258426966,1872.0420683610866
73,5119.0,36.051966285473064,34.97289272348681,28.97514099104013,2734.8423920093396
74,5120.0,35.89112925022974,35.24064363839487,28.86822711137539,1489.4524959742353
75,5122.0,36.51292670682731,35.633785140562246,27.85328815261044,1779.7632343086887
76,5124.0,38.87245966217246,34.10359442635348,27.02394591147406,2104.5311479304
77,5154.0,36.746480413153506,35.61101571192447,27.64250387492202,252.21129125134834
78,5158.0,33.94429299709276,35.472447105525404,30.583259897381836,1192.6820883060752
79,5162.0,34.922961284414654,36.37171928595343,28.705319429631913,782.4277436591375
80,5166.0,34.07496612976065,36.714335892418084,29.210697977821265,530.7040903280785
81,5170.0,33.68442114008208,35.51083167141139,30.804747188506532,440.93690065209057
82,5313.0,0.0,0.0,0.0,0.0
83,5314.0,42.87779061168864,33.620568481137205,23.501640907174156,2319.99149298171
84,5315.0,41.73510404692428,35.64500618976037,22.619889763315353,2680.5194805194806
85,5316.0,36.531818015356635,35.51801169447869,27.950170290164678,2077.3171040953466
86,5334.0,40.89672616636511,32.50069761371103,26.602576219923847,785.8537413522346
87,5354.0,0.0,0.0,0.0,0.0
88,5358.0,36.50359090254131,35.107423726499874,28.388985370958814,280.02803232211687
89,5362.0,35.91745392893686,36.14677220696507,27.935773864098074,667.0673042811936
90,5366.0,35.09437875959345,36.01171956025721,28.893901680149348,154.42889976215835
91,5370.0,35.83763889871895,36.14355030237258,28.018810798908472,404.977786270482
92,5374.0,36.49379199988256,35.220261972833804,28.285946027283636,296.5347989334494
93,5378.0,33.71364061314847,36.23185338060715,30.054506006244374,648.1638159699991
94,5382.0,36.0997365700757,35.77411717629798,28.126146253626327,520.096079638574
95,5512.0,34.64556196382781,35.50258555327432,29.85185248289786,1166.713050392605
96,5513.0,38.54611860934419,34.07122085216417,27.38266053849164,2483.838383838384
97,5515.0,45.395601284045824,32.02988047175004,22.574518244204135,1036.3987074650488
98,5554.0,38.683378476081536,35.887405712805794,25.42921581111267,260.8594068882039
99,5558.0,35.87112204393236,36.16985481678178,27.95902313928586,197.76898520749967
100,5562.0,34.435467224478714,35.32614613960579,30.238386635915486,808.1609331284234
101,5566.0,37.75842578650355,35.86482996510386,26.376744248392587,249.26159397692342
102,5570.0,36.504393717398116,35.60117069799088,27.89443558461101,210.5341741068045
103,5711.0,40.865704373460844,33.342321127908306,25.79197449863086,1289.645313345182
104,5754.0,38.12125257152902,35.978334610514636,25.900412817956347,375.6492401027641
105,5758.0,35.67626194758018,35.42066248509668,28.903075567323143,556.7882595857108
106,5762.0,35.10915850910306,34.878827301357106,30.012014189539837,117.08395065838756
107,5766.0,36.86777212959003,33.825213624921425,29.307014245488546,279.5581839482595
108,5770.0,36.52537736152682,34.56792507482862,28.906697563644556,269.6175840195763
109,5774.0,41.17436214930431,34.256248167095706,24.569389683599987,246.14212383702278
110,5911.0,38.00064723499018,33.190539399058764,28.808813365951053,2503.2816147192093
111,5913.0,39.167475852200134,34.10504079998637,26.727483347813497,2091.161697125147
112,5914.0,37.16779476098171,33.95669812619827,28.875507112820024,1176.7778124026177
113,5915.0,38.203125436182034,34.34629922226999,27.450575341547978,791.0215077507397
114,5916.0,36.65379155102511,34.82420351209281,28.52200493688209,3041.112407623493
115,5954.0,33.77531637763032,35.31742605520882,30.90725756716087,791.6609706083391
116,5958.0,35.435646415202996,35.369613206641716,29.19474037815529,132.88388252039363
117,5962.0,35.66922255653694,35.322721537416285,29.00805590604678,388.4040487814073
118,5966.0,36.68187720274532,36.31682433685773,27.001298460396956,189.25351756677057
119,5970.0,37.6916717587434,33.94845620214946,28.35987203910715,245.57547511232332
120,5974.0,36.16107213599115,35.666540798007304,28.172387066001548,227.22804693556517
121,5978.0,34.565405717585904,35.352422349549876,30.082171932864217,726.7576075550892
122,6411.0,45.985415214155154,31.541326700459148,22.47325808538569,1304.227082821332
123,6412.0,42.56881294352611,36.85476246122466,20.576424595249225,3032.725222504128
124,6413.0,43.03346175355745,35.10687876716585,21.859659479276704,2868.627450980392
125,6414.0,39.080699283615125,35.1987842294731,25.720516486911787,1365.2916073968706
126,6431.0,34.52060483362626,36.202140203341564,29.277254963032178,374.85093193600846
127,6432.0,36.21330266746021,36.42177680489847,27.364920527641317,451.53498117332686
128,6433.0,38.77410518493695,36.08547095721352,25.14042385784953,605.9775290819592
129,6434.0,34.39069342757139,36.88346493972033,28.72584163270827,490.9596546571476
130,6435.0,35.83840553765366,35.98066595059076,28.18092851175558,299.8239487018006
131,6436.0,35.71497675983763,37.25576797694912,27.02925526321324,1068.3278659057205
132,6437.0,34.02343023616191,34.99452468026199,30.98204508357611,155.132458291264
133,6438.0,36.582583057510476,36.03187872078443,27.38553822170509,993.9703570626543
134,6439.0,33.8395037321607,36.443200094038694,29.717296173800605,230.65651150466473
135,6440.0,35.77889447236181,36.47001239966064,27.75109312797755,278.43294023585844
136,6531.0,41.69840372513724,32.635118046980764,25.666478227882,314.6367721400487
137,6532.0,35.79638816756444,35.20177163415124,29.001840198284324,237.99774922629655
138,6533.0,35.73973024645084,35.7647181883161,28.495551565233058,233.03585937923188
139,6534.0,40.7824105607992,33.258733093315165,25.958856345885632,195.3848713134818
140,6535.0,32.27204896201288,35.3538978824685,32.37405315551862,72.57335956296139
141,6611.0,42.59791155095865,32.065877917503784,25.336210531537567,1887.5
142,6631.0,37.76776408007763,34.570768788412465,27.661467131509905,161.2448475452945
143,6632.0,34.21529599682195,34.57696413940362,31.207739863774425,110.07069069178493
144,6633.0,32.750292647263905,35.224165691175784,32.02554166156031,182.9627166870274
145,6634.0,33.76557800934403,35.69153599449567,30.54288599616029,117.10179204948604
146,6635.0,34.456811911846216,35.16084432919409,30.38234375895969,84.89911829934549
147,6636.0,32.814278784759,34.00912717661384,33.17659403862716,98.56951884702829
148,7111.0,40.84403283519259,31.563530484810215,27.592436679997196,1083.3634204275534
149,7131.0,33.52733047091199,34.665104411571996,31.807565117516013,164.8331681532871
150,7132.0,35.27368789091333,35.24105512606348,29.485256983023195,200.35648681465798
151,7133.0,34.378795546558706,35.02973178137652,30.59147267206478,182.9862598247462
152,7134.0,33.761149653121905,34.14643211100099,32.092418235877105,103.90947826422769
153,7135.0,33.00371831717733,34.99439816844464,32.00188351437803,88.94328668601881
154,7137.0,35.19198726774604,35.625574654973654,29.1824380772803,262.01680261210913
155,7138.0,35.51535937474236,34.99980762994597,29.484832995311667,290.1492680126304
156,7140.0,34.154871426212146,35.54601358112243,30.299114992665416,103.86555808931851
157,7141.0,33.7222422081957,35.47601138110345,30.801746410700854,156.35610554305583
158,7143.0,35.535747059728074,36.32990570296185,28.13434723731008,203.83098762436302
159,7211.0,44.516251491377126,32.006760909649664,23.47698759897321,945.0414282053473
160,7231.0,34.16561258484616,35.56412677486594,30.270260640287898,96.11966368135349
161,7232.0,36.351092217002666,35.71189415691805,27.93701362607928,60.580226804757366
162,7233.0,33.22937808359322,34.556045080276554,32.21457683613023,66.47689877583257
163,7235.0,34.98539729430327,37.082144415723924,27.93245828997281,135.13059887682243
164,7311.0,37.01941887522909,33.677230699532544,29.30335042523836,1106.6773017319963
165,7312.0,42.18238269317442,31.16029846261706,26.657318844208522,714.7100930565498
166,7313.0,42.04640401054052,32.5920688990295,25.361527090429973,562.7803231251507
167,7314.0,40.775512828756995,34.61279894306709,24.61168822817591,2209.234146971458
168,7315.0,44.96356819793845,32.254350169032506,22.782081633029044,2221.6105597053106
169,7316.0,34.456611725746974,33.75479792278166,31.788590351471363,453.9072508326928
170,7317.0,34.41823626958394,32.54956315125114,33.03220057916491,658.4582790091265
171,7318.0,35.06689427924888,35.30509349319148,29.628012227559648,1179.5364083352845
172,7319.0,38.92475699027961,33.97215888635545,27.103084123364933,766.3938195530212
173,7320.0,36.52839895933819,33.19886579555088,30.272735245110937,484.2723669309173
174,7331.0,35.69527405527529,36.66630559252267,27.638420352202036,219.7765572125767
175,7332.0,31.901100557816974,36.3425297753656,31.75636966681743,223.09296381003634
176,7333.0,34.337758485239874,36.08473921785329,29.577502296906832,116.36169256751523
177,7334.0,36.62134417974046,36.52217702885919,26.856478791400352,278.5871535871536
178,7335.0,35.70344248847318,35.049077382916735,29.247480128610086,165.7140625
179,7336.0,32.73260925048918,35.124634886424865,32.14275586308595,122.95327754532775
180,7337.0,32.93794628293885,36.39222153756932,30.669832179491824,172.4447222439253
181,7338.0,34.015343609963615,36.25398019468097,29.730676195355414,505.5936260205252
182,7339.0,34.91315336504038,37.39170843429482,27.695138200664804,348.3695652173913
183,7340.0,31.011533649448552,35.65022657260312,33.33823977794834,99.75144205558469
184,8111.0,42.48145172723407,34.61651150701763,22.90203676574831,3061.9302561134423
185,8115.0,38.42661628025738,35.62531917066694,25.948064549075685,633.9576217686194
186,8116.0,37.84763392581188,35.67402628784005,26.47833978634808,832.4897080838324
187,8117.0,36.803846796733175,35.12378864386421,28.07236455940261,400.49350811096923
188,8118.0,38.203329509691464,35.95105738404071,25.845613106267834,792.0905106513097
189,8119.0,36.87458642099878,35.74566240690073,27.379751172100487,496.6413388029088
190,8121.0,41.14322006986345,33.70911400444586,25.147665925690692,1260.9870857943738
191,8125.0,37.82981799526625,36.479939837000245,25.690242167733512,311.905519542508
192,8126.0,38.25908401035622,35.54593339880368,26.194982590840105,144.20155517791852
193,8127.0,38.615650895277774,35.325562516274296,26.05878658844793,131.97558066668014
194,8128.0,35.47811760793827,34.84027478631509,29.681607605746628,101.46304432840283
195,8135.0,36.99045836101214,34.6156168850776,28.39392475391026,211.23194183117008
196,8136.0,37.80294393029344,34.949140451334706,27.24791561837186,207.75984702620804
197,8211.0,32.49097472924188,34.61531484135479,32.893710429403335,393.2020828875098
198,8212.0,43.11671968622641,33.09730047398209,23.785979839791498,1805.3973013493255
199,8215.0,35.952160132543355,36.24254893839255,27.805290929064093,409.3247825445968
200,8216.0,35.47342631310114,35.852617544953205,28.67395614194565,312.85023631217587
201,8221.0,47.411056717907144,31.32612017087088,21.262823111221977,1472.632932317017
202,8222.0,41.95138507289007,34.0495199922423,23.999094934867635,2134.0277298751466
203,8225.0,35.707667119517886,35.41226878461699,28.880064095865123,127.48014991917863
204,8226.0,35.99379137183292,35.917644373430726,28.088564254736358,515.8730158730159
205,8231.0,40.984690382501476,32.95391183826926,26.06139777922926,1280.1264402977465
206,8235.0,36.70397797938092,35.658503633275885,27.637518387343196,198.6692420574697
207,8236.0,36.132827229079204,36.01317211734245,27.854000653578343,346.7660390516039
208,8237.0,37.05600542671811,35.47886547674566,27.465129096536227,135.49673135031423
209,8311.0,46.45653901781177,31.8114497417923,21.73201124039593,1504.4498170412965
210,8315.0,36.44209364713941,34.97669285945319,28.58121349340741,190.66465454070564
211,8316.0,36.303005750288726,35.84769897752489,27.84929527218638,243.2854263816767
212,8317.0,37.15711361905937,35.15026345874885,27.692622922191774,232.10815309618775
213,8325.0,37.18403786167581,35.10953354128572,27.706428597038474,181.2469132593382
214,8326.0,37.228848154966784,33.84389375697449,28.92725808805873,207.13428847297945
215,8327.0,39.45573377475883,34.65095039671214,25.893315828529023,190.84397723249543
216,8335.0,39.043196355033736,33.91185490230439,27.04494874266188,348.8165969828113
217,8336.0,37.1581401248256,35.94181220176785,26.90004767340655,283.42155173482416
218,8337.0,37.185190394973596,34.73352909113287,28.08128051389353,150.8434267527186
219,8415.0,37.7634717591753,35.25674111066163,26.979787130163068,278.97845016296156
220,8416.0,43.60557952940866,32.99637972823768,23.39804074235366,437.9160887656033
221,8417.0,35.90970439569164,35.099902082726864,28.9903935215815,205.90575208701148
222,8421.0,43.42945800251724,32.779488478496624,23.79105351898614,1064.4506235254464
223,8425.0,38.577994052446606,35.64706422439517,25.774941723158225,144.30606160980457
224,8426.0,39.42185419190756,35.54935867268777,25.028787135404674,141.70822898412948
225,8435.0,36.09586221887183,34.85457412811536,29.049563653012804,325.25609590998664
226,8436.0,38.9475350440579,34.89913291239425,26.15333204354785,174.1835671833834
227,8437.0,37.78930719094083,35.07751789903188,27.13317491002728,108.67774428472966
228,9161.0,41.395522006701654,34.569027821376686,24.035450171921653,1027.2290963629546
229,9162.0,42.30272618293615,35.255873566436605,22.441400250627247,4735.953139583535
230,9163.0,40.168024761543805,34.2713663066136,25.560608931842587,1701.3433637829125
231,9171.0,36.22605880766118,35.208164733387285,28.565776458951532,195.34859210595656
232,9172.0,36.04074837782108,34.18588373280868,29.773367889370235,125.88500053582273
233,9173.0,36.503257956251424,35.97192419847988,27.524817845268696,114.54977626117568
234,9174.0,38.188505627615605,37.45678563073484,24.354708741649556,265.70205124663306
235,9175.0,37.83751459807797,37.886057604367466,24.276427797554557,258.7222424463051
236,9176.0,39.880309201230155,36.345501394125776,23.774189404644062,109.02492873972288
237,9177.0,38.5224466075839,38.56385297108819,22.91370042132791,158.09359747344243
238,9178.0,41.14205319457781,37.51256169186449,21.345385113557693,223.93698818528475
239,9179.0,36.73627576144447,36.032737552434796,27.23098668612074,504.4158233670653
240,9180.0,34.20936620434738,34.446742853267324,31.343890942385293,87.39984785765799
241,9181.0,36.712445136627494,37.058906813468695,26.228648049903807,149.27520015913274
242,9182.0,35.01092994805768,36.2513286404749,28.73774141146742,115.12779663364965
243,9183.0,37.63731019522776,35.891540130151846,26.471149674620392,143.10903604733463
244,9184.0,37.75435619469661,36.46075483488166,25.784888970421733,525.2024809562521
245,9185.0,37.98200248241621,36.37153496069508,25.646462556888704,130.69810198453467
246,9186.0,38.34024113062422,37.06301955942147,24.59673930995431,167.075317985914
247,9187.0,36.40467003597935,35.85597529340991,27.739354670610727,181.30744381534615
248,9188.0,34.85950680422067,36.168915145636774,28.97157805014255,279.0371524645288
249,9189.0,35.77861979004907,34.921423690912476,29.29995651903845,115.46069789276028
250,9190.0,36.35886751189526,35.459703874456956,28.18142861364778,140.06830176963678
251,9261.0,39.06414010275675,34.7107894591459,26.22507043809734,1099.8632842169225
252,9262.0,42.48794526291715,30.118736777906957,27.393317959175896,754.2984473835537
253,9263.0,36.91049085659287,35.21990207975897,27.869607063648154,707.1164373428021
254,9271.0,36.758124800965426,35.989641821564454,27.252233377470127,138.56265313468887
255,9272.0,34.40750430731925,36.00536021951375,29.587135473167,79.63958653074084
256,9273.0,38.48746094325116,36.45814588820364,25.054393168545207,114.78115552885066
257,9274.0,37.35396791389935,37.52158187248737,25.12445021361328,117.76605296941904
258,9275.0,34.78439724436715,35.947157667813975,29.268445087818872,125.50927711079596
259,9276.0,34.86144019779541,35.364942824765635,29.77361697743896,79.66352072219942
260,9277.0,36.17964677313752,35.48264116228379,28.33771206457869,94.17508312389754
261,9278.0,36.549791850887736,36.94522548659202,26.504982662520245,83.76108919625173
262,9279.0,37.63264288015631,36.52369123959384,25.84366588024985,109.63900726999248
263,9361.0,35.77317131284251,33.809864188706214,30.416964498451275,837.2232196289647
264,9362.0,44.97149597011991,32.78749754275604,22.24100648712404,1887.5695732838592
265,9363.0,36.16650987770461,34.0310442144873,29.80244590780809,602.522318265552
266,9371.0,35.10459804672725,36.333394757004726,28.562007196268024,82.1016506485544
267,9372.0,35.56481756619384,35.98473592843403,28.450446505372142,84.12569977567708
268,9373.0,37.40837519934711,36.76821826730857,25.82340653334431,99.37870174707581
269,9374.0,35.37603866372732,36.3542903171104,28.269671019162285,66.08625000875527
270,9375.0,36.407641601058,37.40055379910318,26.191804599838818,139.09331953695917
271,9376.0,36.06111869772877,36.458566876600834,27.4803144256704,100.46619251088693
272,9377.0,34.0422597373938,35.67941079112876,30.278329471477434,66.87018676504496
273,9461.0,43.296989380348485,31.911795030415508,24.791215589236003,1420.578542658367
274,9462.0,42.40995486022744,30.251684369851457,27.338360769921106,1116.1160113619376
275,9463.0,36.844529564353074,32.880797110232976,30.274673325413946,854.1934147856699
276,9464.0,36.540387546266054,32.67363379055084,30.785978663183105,791.6235780765253
277,9471.0,36.41271093101995,37.511387895516904,26.075901173463144,125.95136153450935
278,9472.0,33.35841630006946,36.943351084355946,29.698232615574593,81.38627387859896
279,9473.0,33.43152371527858,36.04354129749384,30.52493498722758,147.1935232546323
280,9474.0,35.75569126349064,36.82460658575871,27.419702150750652,180.6060700340681
281,9475.0,31.238786708774434,35.50377186263915,33.25744142858642,106.78864339174473
282,9476.0,31.22067475981232,36.816861547627916,31.962463692559766,103.04839675206065
283,9477.0,31.945159718839168,36.36578745911337,31.689052822047465,109.13054045022328
284,9478.0,33.729315658756995,36.29372512642509,29.976959214817917,128.54944801323228
285,9479.0,31.516302713930415,34.61832791276066,33.865369373308916,120.68209179214011
286,9561.0,38.172389896527825,34.0287236838961,27.798886419576075,418.84696226603944
287,9562.0,44.67319269037709,32.53425269287794,22.79255461674497,1454.8076923076924
288,9563.0,38.55167986974356,36.972007389548175,24.47631274070827,2016.5430149960537
289,9564.0,39.93055086666731,34.295911182275034,25.77353795105765,2780.182354518638
290,9565.0,35.842812316140424,36.08305550107864,28.074132182780936,999.8039215686275
291,9571.0,37.00156021505961,35.953987246465054,27.04445253847534,93.31212937458467
292,9572.0,35.79925295917693,36.77598315122073,27.42476388960234,241.37558452600257
293,9573.0,33.811239745457335,36.5210798470018,29.66768040754087,381.8208430913349
294,9574.0,34.33627799137147,36.542130132362864,29.12159187626566,213.08410046027618
295,9575.0,36.06870989597864,35.97505081503328,27.956239288988083,79.18576669691112
296,9576.0,35.71889916350289,36.57351250019691,27.707588336300194,141.82874378595767
297,9577.0,36.022798300721455,35.142436409479515,28.83476528979903,97.23418282206062
298,9661.0,37.61112765323919,35.131226338848954,27.257646007911863,1129.3354683746998
299,9662.0,38.6641249629849,31.362896061593133,29.97297897542197,1513.501400560224
300,9663.0,45.00703784798248,29.530810134501095,25.46215201751642,1459.8173515981737
301,9671.0,34.69014052167524,36.716453894195446,28.593405584129318,249.26026613249394
302,9672.0,33.06981340463872,34.90476467282838,32.02542192253289,90.79377924773935
303,9673.0,35.09599698832978,35.206424896473834,29.69757811519639,77.99592843440473
304,9674.0,35.43895317911559,36.21201196231634,28.349034858568068,88.47509386209853
305,9675.0,36.27253627253627,36.124036124036124,27.603427603427605,132.8806969333762
306,9676.0,35.234086178508186,36.50392991394576,28.261983907546057,179.932362559043
307,9677.0,33.687334309341985,35.8983895857239,30.414276104934117,95.64483533783937
308,9678.0,35.31353708755408,35.63237363821173,29.054089274234187,136.80457338451848
309,9679.0,35.53826760754848,35.94053165589431,28.521200736557212,167.12173158742615
310,9761.0,41.44984498619276,33.505683839598824,25.044471174208415,2009.4981956832573
311,9762.0,36.77579568496115,33.750256305105594,29.47394800993325,1096.7766116941527
312,9763.0,39.26306471040678,32.585949177877424,28.150986111715792,1088.9222503160556
313,9764.0,37.51625339325228,34.43438191482081,28.049364691926908,625.2603052346313
314,9771.0,36.99886224138447,36.85439683822869,26.14674092038684,171.2242386957859
315,9772.0,36.56364547138757,36.365262747779624,27.071091780832813,234.94236984177394
316,9773.0,37.18353276887348,35.73176700930005,27.084700221826473,121.20343839541547
317,9774.0,37.82356636738848,36.1296889786635,26.046744653948007,164.93572927597063
318,9775.0,38.014925373134325,35.43226176808266,26.55281285878301,337.7016129032258
319,9776.0,35.38062177815328,35.732040309052394,28.88733791279433,252.540276446396
320,9777.0,37.012885201972686,35.40437298668719,27.582741811340117,100.6246190254222
321,9778.0,37.126929138231475,35.447546184766836,27.42552467700169,117.14555258256819
322,9779.0,37.54644333912627,36.00707137292503,26.4464852879487,104.73724677933123
323,9780.0,35.17719905768463,35.50997026299868,29.312830679316694,101.67736699847512
324,10041.0,36.321229694153615,33.534824754024775,30.14394555182161,802.3068499817497
325,10042.0,33.10759824313604,36.244026082077276,30.64837567478668,185.6896489778321
326,10043.0,32.65207327957884,35.033962149978066,32.3139645704431,529.2473979183346
327,10044.0,33.3635585883269,34.75135885574357,31.88508255592953,424.9504734951562
328,10045.0,32.607217224866965,34.469365004802604,32.92341777033043,341.00222344418677
329,10046.0,31.34089270798769,35.70717530350012,32.95193198851219,183.58014577688155
330,11000.0,40.44802138702918,34.88992341472542,24.662055198245405,4090.162941018045
331,12051.0,31.775830514114578,33.289889634518325,34.93427985136709,313.9648267456033
332,12052.0,34.38569532723336,32.801165447669604,32.81313922509704,605.1141166525782
333,12053.0,32.91690425587062,32.963558135918305,34.11953760821108,391.43050388907676
334,12054.0,39.99573247084323,34.7837317296408,25.220535799515968,945.9736534579837
335,12060.0,30.8546727949223,37.544320420223244,31.60100678485445,123.51402677624064
336,12061.0,30.825649003057958,37.49815162036352,31.676199376578516,74.3318282340217
337,12062.0,27.118611040745144,35.95939125859818,36.921997700656675,54.032228346415245
338,12063.0,31.829607989673214,38.33573179996171,29.834660210365083,93.73530944248249
339,12064.0,29.390515005557617,38.38252850850109,32.226956485941294,90.02293099854074
340,12065.0,31.312337573195613,38.296986021235604,30.390676405568783,116.82962979349401
341,12066.0,27.729099532930228,35.31807813461747,36.95282233245229,90.32532356572288
342,12067.0,28.903267695821068,36.24746722788792,34.84926507629101,79.16605738340535
343,12068.0,29.362724318213935,36.18865944003714,34.44861624174892,39.21442904807704
344,12069.0,30.887806059702605,38.855141057652894,30.2570528826445,82.81726221248293
345,12070.0,28.011449783029224,34.96627803628379,37.02227218068699,35.775642374506084
346,12071.0,26.112261751828648,36.677765251815536,37.209972996355816,69.05918634616197
347,12072.0,32.43630270475828,37.75966154869991,29.804035746541807,79.97985011144219
348,12073.0,28.01458779443255,35.36870985010707,36.61670235546038,38.85481768929016
349,13001.0,0.0,0.0,0.0,0.0
350,13002.0,0.0,0.0,0.0,0.0
351,13003.0,38.779525674291236,31.056174181132292,30.164300144576465,1151.7754741949711
352,13004.0,34.94124277275669,32.30395124089419,32.754805986349126,734.1250383083052
353,13005.0,0.0,0.0,0.0,0.0
354,13006.0,0.0,0.0,0.0,0.0
355,13051.0,0.0,0.0,0.0,0.0
356,13052.0,0.0,0.0,0.0,0.0
357,13053.0,0.0,0.0,0.0,0.0
358,13054.0,0.0,0.0,0.0,0.0
359,13055.0,0.0,0.0,0.0,0.0
360,13056.0,0.0,0.0,0.0,0.0
361,13057.0,0.0,0.0,0.0,0.0
362,13058.0,0.0,0.0,0.0,0.0
363,13059.0,0.0,0.0,0.0,0.0
364,13060.0,0.0,0.0,0.0,0.0
365,13061.0,0.0,0.0,0.0,0.0
366,13062.0,0.0,0.0,0.0,0.0
367,13071.0,29.716744491182034,35.48219040635974,34.801065102458224,47.15200986966008
368,13072.0,30.180881676142306,37.449154630357064,32.36996369350062,62.69158246606961
369,13073.0,29.54415979776041,35.76845703298856,34.687383169251035,69.89811631849928
370,13074.0,31.792457043686873,36.505688162369445,31.701854793943685,73.68131558163151
371,13075.0,31.996603252259213,34.30081496596915,33.702581781771634,59.99041965946705
372,13076.0,30.19499760133197,37.22262461315599,32.582377785512044,44.6041143077717
373,14161.0,0.0,0.0,0.0,0.0
374,14166.0,0.0,0.0,0.0,0.0
375,14167.0,0.0,0.0,0.0,0.0
376,14171.0,0.0,0.0,0.0,0.0
377,14173.0,0.0,0.0,0.0,0.0
378,14177.0,0.0,0.0,0.0,0.0
379,14178.0,0.0,0.0,0.0,0.0
380,14181.0,0.0,0.0,0.0,0.0
381,14182.0,0.0,0.0,0.0,0.0
382,14188.0,0.0,0.0,0.0,0.0
383,14191.0,0.0,0.0,0.0,0.0
384,14193.0,0.0,0.0,0.0,0.0
385,14262.0,0.0,0.0,0.0,0.0
386,14263.0,0.0,0.0,0.0,0.0
387,14264.0,0.0,0.0,0.0,0.0
388,14272.0,0.0,0.0,0.0,0.0
389,14280.0,0.0,0.0,0.0,0.0
390,14284.0,0.0,0.0,0.0,0.0
391,14285.0,0.0,0.0,0.0,0.0
392,14286.0,0.0,0.0,0.0,0.0
393,14287.0,0.0,0.0,0.0,0.0
394,14290.0,0.0,0.0,0.0,0.0
395,14292.0,0.0,0.0,0.0,0.0
396,14365.0,0.0,0.0,0.0,0.0
397,14374.0,0.0,0.0,0.0,0.0
398,14375.0,0.0,0.0,0.0,0.0
399,14379.0,0.0,0.0,0.0,0.0
400,14383.0,0.0,0.0,0.0,0.0
401,14389.0,0.0,0.0,0.0,0.0
402,14511.0,34.92519323564029,30.862694499609688,34.21211226475002,1118.4664103144084
403,14521.0,28.51173836823652,33.66400549606747,37.82425613569601,184.7453361781279
404,14522.0,29.837516534121526,34.20579061678397,35.9566928490945,144.64180267850816
405,14523.0,28.018929217369926,33.918945020983685,38.062125761646385,161.2794970370213
406,14524.0,29.17321458377292,33.86252050980849,36.964264906418585,334.31705956053446
407,14612.0,41.544652564054026,31.49974127781714,26.955606158128838,1688.5320263029712
408,14625.0,29.142515288487104,35.27685455995746,35.58063015155544,125.59692770078478
409,14626.0,28.487528148956038,33.728137971078176,37.78433387996579,120.72159968173078
410,14627.0,29.360559948795245,35.45888134123428,35.18055870997047,166.48333894774473
411,14628.0,30.304424476102454,34.88809540289319,34.80748012100435,148.47900470323665
412,14713.0,42.945648346451605,31.53981325390359,25.51453839964481,1973.9993284083278
413,14729.0,29.255944414054767,36.44277883171751,34.30127675422772,156.09512390087932
414,14730.0,29.671730585360674,36.50422667739145,33.82404273724788,97.44498560555272
415,15001.0,27.922005982495662,32.88033777712126,39.197656240383075,331.9182839632278
416,15002.0,39.44670375370418,30.491479873107163,30.061816373188666,1772.011553843875
417,15003.0,38.3884171145846,31.176344905884868,30.435237979530534,1187.4881846674296
418,15081.0,30.402912911120396,36.82564316838775,32.77144392049185,36.52994919430453
419,15082.0,28.017440914834786,35.5912269946326,36.391332090532615,109.97564566506598
420,15083.0,30.296854437676874,37.555754830144295,32.147390732178835,72.56601270181991
421,15084.0,28.432765414284923,35.26777290637661,36.29946167933847,127.45985711254156
422,15085.0,28.407617768575772,35.18648051257659,36.40590171884763,101.89733574717394
423,15086.0,28.65181033715862,36.92064762921448,34.4275420336269,57.03015505596601
424,15087.0,26.729003515622136,34.98080719858495,38.29018928579293,94.03941056700143
425,15088.0,29.417277957764025,36.724599365051844,33.85812267718412,128.74430672869687
426,15089.0,28.562657430730475,35.27183039462636,36.165512174643155,133.5548033052291
427,15090.0,29.93427515136361,35.78610848172028,34.27961636691611,46.21168353114013
428,15091.0,27.50715193897012,35.23680864589955,37.256039415130324,65.18687352689787
429,15101.0,0.0,0.0,0.0,0.0
430,15151.0,0.0,0.0,0.0,0.0
431,15153.0,0.0,0.0,0.0,0.0
432,15154.0,0.0,0.0,0.0,0.0
433,15159.0,0.0,0.0,0.0,0.0
434,15171.0,0.0,0.0,0.0,0.0
435,15202.0,0.0,0.0,0.0,0.0
436,15256.0,0.0,0.0,0.0,0.0
437,15260.0,0.0,0.0,0.0,0.0
438,15261.0,0.0,0.0,0.0,0.0
439,15265.0,0.0,0.0,0.0,0.0
440,15266.0,0.0,0.0,0.0,0.0
441,15268.0,0.0,0.0,0.0,0.0
442,15303.0,0.0,0.0,0.0,0.0
443,15352.0,0.0,0.0,0.0,0.0
444,15355.0,0.0,0.0,0.0,0.0
445,15357.0,0.0,0.0,0.0,0.0
446,15358.0,0.0,0.0,0.0,0.0
447,15362.0,0.0,0.0,0.0,0.0
448,15363.0,0.0,0.0,0.0,0.0
449,15364.0,0.0,0.0,0.0,0.0
450,15367.0,0.0,0.0,0.0,0.0
451,15369.0,0.0,0.0,0.0,0.0
452,15370.0,0.0,0.0,0.0,0.0
453,16051.0,38.21730564953509,33.090000421153114,28.69269392931179,791.7416916750027
454,16052.0,30.270201376497578,32.43584841532841,37.29395020817402,618.6477429528878
455,16053.0,43.85182259642571,29.5537982352994,26.594379168274884,970.7825026141512
456,16054.0,26.84656236543706,32.44150997559925,40.71192765896369,338.10540619237116
457,16055.0,38.234751882009526,32.68397603318482,29.081272084805654,770.4782196969696
458,16056.0,32.548973330186456,34.59523247580836,32.85579419400519,406.7389843525007
459,16061.0,32.95975293883244,35.471209404263796,31.569037656903763,106.43960681603699
460,16062.0,31.56689174679678,34.094867695831645,34.33824055737158,117.41255900603718
461,16063.0,29.776061776061773,36.35927656980289,33.86466165413534,94.0968158907169
462,16064.0,31.304415422885572,35.50800684079602,33.18757773631841,105.04547356816951
463,16065.0,28.62989774560386,35.237104880747644,36.13299737364849,72.27066452128838
464,16066.0,29.58470579581028,35.60119986595503,34.81409433823469,101.05225772880824
465,16067.0,31.212532852966362,35.83114313557571,32.95632401145793,144.70130758054867
466,16068.0,30.11844088722992,36.84301198765343,33.038547125116644,86.33062317188042
467,16069.0,29.867984202161974,36.610388179944295,33.52162761789373,67.72340742950918
468,16070.0,32.175240477460406,34.33539938570193,33.489360136837654,128.88551753564613
469,16071.0,30.94195028494027,36.73837968443018,32.31967003062955,101.863315433572
470,16072.0,28.09452630080433,35.70538828386362,36.20008541533205,129.600332095662
471,16073.0,27.492572116288688,34.982511564932864,37.52491631877844,102.65725895968264
472,16074.0,29.591455852428027,36.24881097157168,34.15973317600029,101.87306805357932
473,16075.0,28.89894643122125,35.71375575011129,35.387297818667456,70.24059758533832
474,16076.0,26.35825548345032,35.293758086370076,38.34798643017961,116.02992978557413
475,16077.0,26.600679109611843,34.55469495550278,38.84462593488537,158.26557313710683
476,11001.0,40.448,34.8899,24.6621,891.12
477,11002.0,40.448,34.8899,24.6621,891.12
478,11003.0,40.448,34.8899,24.6621,891.12
479,11004.0,40.448,34.8899,24.6621,891.12
480,11005.0,40.448,34.8899,24.6621,891.12
481,11006.0,40.448,34.8899,24.6621,891.12
482,11007.0,40.448,34.8899,24.6621,891.12
483,11008.0,40.448,34.8899,24.6621,891.12
484,11009.0,40.448,34.8899,24.6621,891.12
485,11010.0,40.448,34.8899,24.6621,891.12
486,11011.0,40.448,34.8899,24.6621,891.12
487,11012.0,40.448,34.8899,24.6621,891.12
